/* -*- Mode: Javascript; tab-width: 4; indent-tabs-mode: nil; c-basic-offset: 4 -*- */
{
    "io":
    {
        "footpedals": "io/sawRobotIO1394-MTMR-foot-pedals.xml"
        // , "firewire-protocol": "sequential-read-write"
        , "firewire-protocol": "broadcast-read-write"
    }
    ,
    "arms":
    [
        {
            "name": "PSM1",
            "type": "PSM",
            "serial": "31746",
            "base-frame": {
                "reference-frame": "ECM",
                "transform": [[  1.0,  0.0,          0.0,         -0.20],
                              [  0.0, -0.866025404,  0.5,          0.0 ],
                              [  0.0, -0.5,         -0.866025404,  0.0 ],
                              [  0.0,  0.0,          0.0,          1.0 ]]
            }
        }
        ,
        {
            "name": "PSM2",
            "type": "PSM",
            "serial": "29130",
            "base-frame": {
                "reference-frame": "ECM",
                "transform": [[  1.0,  0.0,          0.0,          0.20],
                              [  0.0, -0.866025404,  0.5,          0.0 ],
                              [  0.0, -0.5,         -0.866025404,  0.0 ],
                              [  0.0,  0.0,          0.0,          1.0 ]]
            }
        }
        ,
        {
            "name": "MTML",
            "type": "MTM",
            "serial": "21768",
            "base-frame": {
                "reference-frame": "HRSV",
                "transform": [[ -1.0,  0.0,          0.0,          0.180],
                              [  0.0,  0.866025404,  0.5,          0.400],
                              [  0.0,  0.5,         -0.866025404,  0.475],
                              [  0.0,  0.0,          0.0,          1.0]]
            }
        }
    ]
    ,
    "psm-teleops":
    [
        {
            "mtm": "MTML",
            "psm": "PSM1"
        }
        ,
        {
            "mtm": "MTML",
            "psm": "PSM2"
        }
    ]
}
