/* -*- Mode: Javascript; tab-width: 4; indent-tabs-mode: nil; c-basic-offset: 4 -*- */
{
    "io":
    {
        "footpedals": "sawRobotIO1394-MTMR-foot-pedals.xml"
    }
    ,
    "arms":
    [
        {
            "name": "MTML",
            "type": "MTM",
            "serial": "22723",
            "base-frame": {
                "reference-frame": "HRSV",
                "transform": [[ -1.0,  0.0,          0.0,          0.180],
                              [  0.0,  0.866025404,  0.5,          0.400],
                              [  0.0,  0.5,         -0.866025404,  0.475],
                              [  0.0,  0.0,          0.0,          1.0]]
            }
        }
        ,
        {
            "name": "MTMR",
            "type": "MTM",
            "serial": "28247",
            "base-frame": {
                "reference-frame": "HRSV",
                "transform": [[ -1.0,  0.0,          0.0,         -0.180],
                              [  0.0,  0.866025404,  0.5,          0.400],
                              [  0.0,  0.5,         -0.866025404,  0.475],
                              [  0.0,  0.0,          0.0,          1.0]]
            }
        }
        ,
        {
            "name": "PSM1",
            "type": "PSM",
            "simulation": "KINEMATIC",
            "arm": "arm/PSM_KIN_SIMULATED_LARGE_NEEDLE_DRIVER_400006.json",
            "base-frame": {
                "reference-frame": "ECM",
                "transform": [[  1.0,  0.0,          0.0,         -0.20],
                              [  0.0, -0.866025404,  0.5,          0.0 ],
                              [  0.0, -0.5,         -0.866025404,  0.0 ],
                              [  0.0,  0.0,          0.0,          1.0 ]]
            }
        }
        ,
        {
            "name": "PSM2",
            "type": "PSM",
            "simulation": "KINEMATIC",
            "arm": "arm/PSM_KIN_SIMULATED_LARGE_NEEDLE_DRIVER_400006.json",
            "base-frame": {
                "reference-frame": "ECM",
                "transform": [[  1.0,  0.0,          0.0,          0.20],
                              [  0.0, -0.866025404,  0.5,          0.0 ],
                              [  0.0, -0.5,         -0.866025404,  0.0 ],
                              [  0.0,  0.0,          0.0,          1.0 ]]
            }
        }
        ,
        {
            "name": "ECM",
            "type": "ECM",
            "simulation": "KINEMATIC",
            "pid": "sawControllersPID-ECM.xml",
            "kinematic": "ecm-straight.json"
        }
    ]
    ,
    "ecm-teleop":
    {
        "mtm-left": "MTML",
        "mtm-right": "MTMR",
        "ecm": "ECM"
    }
    ,
    "psm-teleops":
    [
        {
            "mtm": "MTMR",
            "psm": "PSM1"
        }
        ,
        {
            "mtm": "MTML",
            "psm": "PSM2"
        }
    ]
}
