
PSM 1 VERY ACCURATE PARAMETERS " DO NOT DELETE"

"primary-offsets": [ -61.525, -2.3448, -3.073, -950.33, -6.4246, -3.0525],
"primary-scales": [ 1.4612, 0.0010508, 0.0013686, 22.876, 0.0014642, 0.0013593],
"secondary-offsets": [ -0.035137, -1968.2, 285.57, 3.0228, 136.98, -3.0483],
"secondary-scales": [ 0.00025495, 45.752, -6.8628, -0.001349, -0.031209, 0.0013577],


ECM VERY ACCURATE PARAMETERS " DO NOT DELETE"

"primary-offsets": [ 8.2463, -2.353, -3.0642, 328.3, 139.7, -223.51],
"primary-scales": [ -0.21238, 0.0010553, 0.0013591, -7.6253, 0.0000, 0.0000],
"secondary-offsets": [ 0.19937, -497.94, -362.85, 3.0371, 186.09, 372.75],
"secondary-scales": [ 0.00025788, 11.438, 9.1504, -0.0011838, 0.0000, 0.0000,


OLD PSM 1:

	    "primary-offsets": [ -46.93, -2.3444, -3.0315, 322.01, -3.0522, -3.0385],
	    "primary-scales": [ 1.1297, 0.0010501, 0.0013516, -7.6253, 0.0013578, 0.0013541],
	    "secondary-offsets": [ 1.4505, -395.53, -160.74, 3.0289, -2.0542e+05, -3.0348],
	    "secondary-scales": [ -0.00044284, 9.1504, 3.8127, -0.0013517, -45.752, 0.0013528],


OLD ECM:

	    "primary-offsets": [-0.098202, -2.3641, -3.0619, 6.2089, 0.0, 0.0],
	    "primary-scales": [0.00027813, 0.0011549, 0.0014946, -0.0014971, 0.0, 0.0],
	    "secondary-offsets": [-0.097423, -2.3663, -3.0692, 6.2094, 0.0, 0.0],
	    "secondary-scales": [0.00027794, 0.0011545, 0.0014989, -0.0014968, 0.0, 0.0],





	    "world-origin-to-suj1-translation": [0.0000 , 0.0000, 0.4300],
	    "world-origin-to-suj1-rotation": [0.0000, -1.0000, 0.0000, 1.0000, 0.0000, 0.0000, 0.0000, 0.0000, 1.0000],
